1.054134189619000e-03,
2.473179182011000e-03,
4.705940597051000e-03,
7.093178173488000e-03,
9.372062547605000e-03,
1.161648193424000e-02,
1.393207882297000e-02,
1.631788710729000e-02,
1.873018869427000e-02,
2.115269022001000e-02,
2.359119225902000e-02,
2.604838764405000e-02,
2.852037973654000e-02,
3.100342088722000e-02,
3.349594811936000e-02,
3.599705445911000e-02,
3.850558678433000e-02,
4.102030511364000e-02,
4.354016563822000e-02,
4.606433130996000e-02,
4.859205191284000e-02,
5.112261640868000e-02,
5.365537691222000e-02,
5.618975798284000e-02,
5.872523888138000e-02,
6.126134008437000e-02,
6.379762109366000e-02,
6.633367892472000e-02,
6.886914361464000e-02,
7.140367383385000e-02,
7.393695412464001e-02,
7.646869280021000e-02,
7.899861975496000e-02,
8.152648436533000e-02,
8.405205373039000e-02,
8.657511118304000e-02,
8.909545493422000e-02,
9.161289682381001e-02,
9.412726120159000e-02,
9.663838393250000e-02,
9.914611149907999e-02,
1.016503001829000e-01,
1.041508153194000e-01,
1.066475306207000e-01,
1.091403275602000e-01,
1.116290948084000e-01,
1.141137277167000e-01,
1.165941278439000e-01,
1.190702025205000e-01,
1.215418644488000e-01,
1.240090313337000e-01,
1.264716255425000e-01,
1.289295737901000e-01,
1.313828068481000e-01,
1.338312592748000e-01,
1.362748691660000e-01,
1.387135779225000e-01,
1.411473300349000e-01,
1.435760728832000e-01,
1.459997565504000e-01,
1.484183336492000e-01,
1.508317591598000e-01,
1.532399902792000e-01,
1.556429862811000e-01,
1.580407083835000e-01,
1.604331196270000e-01,
1.628201847597000e-01,
1.652018701302000e-01,
1.675781435875000e-01,
1.699489743872000e-01,
1.723143331040000e-01,
1.746741915497000e-01,
1.770285226967000e-01,
1.793773006057000e-01,
1.817205003591000e-01,
1.840580979977000e-01,
1.863900704622000e-01,
1.887163955380000e-01,
1.910370518038000e-01,
1.933520185831000e-01,
1.956612758999000e-01,
1.979648044359000e-01,
2.002625854915000e-01,
2.025546009491000e-01,
2.048408332388000e-01,
2.071212653064000e-01,
2.093958805835000e-01,
2.116646629601000e-01,
2.139275967583000e-01,
2.161846667085000e-01,
2.184358579273000e-01,
2.206811558965000e-01,
2.229205464438000e-01,
2.251540157256000e-01,
2.273815502100000e-01,
2.296031366620000e-01,
2.318187621296000e-01,
2.340284139306000e-01,
2.362320796414000e-01,
2.384297470861000e-01,
2.406214043263000e-01,
2.428070396528000e-01,
2.449866415774000e-01,
2.471601988252000e-01,
2.493277003287000e-01,
2.514891352215000e-01,
2.536444928334000e-01,
2.557937626857000e-01,
2.579369344875000e-01,
2.600739981317000e-01,
2.622049436927000e-01,
2.643297614236000e-01,
2.664484417542000e-01,
2.685609752897000e-01,
2.706673528089000e-01,
2.727675652641000e-01,
2.748616037799000e-01,
2.769494596534000e-01,
2.790311243544000e-01,
2.811065895251000e-01,
2.831758469815000e-01,
2.852388887136000e-01,
2.872957068867000e-01,
2.893462938426000e-01,
2.913906421008000e-01,
2.934287443603000e-01,
2.954605935008000e-01,
2.974861825853000e-01,
2.995055048609000e-01,
3.015185537619000e-01,
3.035253229110000e-01,
3.055258061219000e-01,
3.075199974014000e-01,
3.095078909518000e-01,
3.114894811728000e-01,
3.134647626642000e-01,
3.154337302281000e-01,
3.173963788712000e-01,
3.193527038073000e-01,
3.213027004594000e-01,
3.232463644623000e-01,
3.251836916648000e-01,
3.271146781319000e-01,
3.290393201473000e-01,
3.309576142154000e-01,
3.328695570635000e-01,
3.347751456440000e-01,
3.366743771364000e-01,
3.385672489496000e-01,
3.404537587233000e-01,
3.423339043305000e-01,
3.442076838788000e-01,
3.460750957126000e-01,
3.479361384145000e-01,
3.497908108070000e-01,
3.516391119540000e-01,
3.534810411624000e-01,
3.553165979829000e-01,
3.571457822122000e-01,
3.589685938933000e-01,
3.607850333171000e-01,
3.625951010234000e-01,
3.643987978014000e-01,
3.661961246911000e-01,
3.679870829837000e-01,
3.697716742223000e-01,
3.715499002025000e-01,
3.733217629727000e-01,
3.750872648347000e-01,
3.768464083440000e-01,
3.785991963097000e-01,
3.803456317948000e-01,
3.820857181161000e-01,
3.838194588443000e-01,
3.855468578037000e-01,
3.872679190717000e-01,
3.889826469790000e-01,
3.906910461086000e-01,
3.923931212956000e-01,
3.940888776263000e-01,
3.957783204381000e-01,
3.974614553179000e-01,
3.991382881019000e-01,
4.008088248742000e-01,
4.024730719662000e-01,
4.041310359552000e-01,
4.057827236632000e-01,
4.074281421559000e-01,
4.090672987413000e-01,
4.107002009680000e-01,
4.123268566244000e-01,
4.139472737363000e-01,
4.155614605661000e-01,
4.171694256106000e-01,
4.187711775998000e-01,
4.203667254944000e-01,
4.219560784847000e-01,
4.235392459882000e-01,
4.251162376479000e-01,
4.266870633301000e-01,
4.282517331226000e-01,
4.298102573322000e-01,
4.313626464832000e-01,
4.329089113144000e-01,
4.344490627774000e-01,
4.359831120341000e-01,
4.375110704546000e-01,
4.390329496143000e-01,
4.405487612921000e-01,
4.420585174677000e-01,
4.435622303190000e-01,
4.450599122197000e-01,
4.465515757369000e-01,
4.480372336283000e-01,
4.495168988397000e-01,
4.509905845025000e-01,
4.524583039308000e-01,
4.539200706189000e-01,
4.553758982387000e-01,
4.568258006367000e-01,
4.582697918316000e-01,
4.597078860113000e-01,
4.611400975303000e-01,
4.625664409070000e-01,
4.639869308206000e-01,
4.654015821085000e-01,
4.668104097639000e-01,
4.682134289321000e-01,
4.696106549085000e-01,
4.710021031354000e-01,
4.723877891993000e-01,
4.737677288280000e-01,
4.751419378879000e-01,
4.765104323807000e-01,
4.778732284416000e-01,
4.792303423352000e-01,
4.805817904537000e-01,
4.819275893136000e-01,
4.832677555530000e-01,
4.846023059288000e-01,
4.859312573139000e-01,
4.872546266943000e-01,
4.885724311666000e-01,
4.898846879351000e-01,
4.911914143088000e-01,
4.924926276989000e-01,
4.937883456163000e-01,
4.950785856684000e-01,
4.963633655566000e-01,
4.976427030738000e-01,
4.989166161014000e-01,
5.001851226069000e-01,
5.014482406410000e-01,
5.027059883355000e-01,
5.039583838999000e-01,
5.052054456197000e-01,
5.064471918530000e-01,
5.076836410286000e-01,
5.089148116432000e-01,
5.101407222588000e-01,
5.113613915005000e-01,
5.125768380539000e-01,
5.137870806624000e-01,
5.149921381254000e-01,
5.161920292952000e-01,
5.173867730752000e-01,
5.185763884172000e-01,
5.197608943195000e-01,
5.209403098238000e-01,
5.221146540140000e-01,
5.232839460131000e-01,
5.244482049813000e-01,
5.256074501137999e-01,
5.267617006386000e-01,
5.279109758146000e-01,
5.290552949289000e-01,
5.301946772953000e-01,
5.313291422519000e-01,
5.324587091592000e-01,
5.335833973980000e-01,
5.347032263675000e-01,
5.358182154833000e-01,
5.369283841754000e-01,
5.380337518863000e-01,
5.391343380694000e-01,
5.402301621866999e-01,
5.413212437072999e-01,
5.424076021055000e-01,
5.434892568589000e-01,
5.445662274468001e-01,
5.456385333486000e-01,
5.467061940418000e-01,
5.477692290006000e-01,
5.488276576940000e-01,
5.498814995844000e-01,
5.509307741261000e-01,
5.519755007632000e-01,
5.530156989289000e-01,
5.540513880433000e-01,
5.550825875120000e-01,
5.561093167251000e-01,
5.571315950553000e-01,
5.581494418566000e-01,
5.591628764631000e-01,
5.601719181874000e-01,
5.611765863195000e-01,
5.621769001253000e-01,
5.631728788453000e-01,
5.641645416936000e-01,
5.651519078563000e-01,
5.661349964908000e-01,
5.671138267239000e-01,
5.680884176515000e-01,
5.690587883365000e-01,
5.700249578086000e-01,
5.709869450625000e-01,
5.719447690574000e-01,
5.728984487155000e-01,
5.738480029212000e-01,
5.747934505200000e-01,
5.757348103176000e-01,
5.766721010790000e-01,
5.776053415275000e-01,
5.785345503436000e-01,
5.794597461643000e-01,
5.803809475824000e-01,
5.812981731452000e-01,
5.822114413541000e-01,
5.831207706635000e-01,
5.840261794802000e-01,
5.849276861625000e-01,
5.858253090194000e-01,
5.867190663101000e-01,
5.876089762431000e-01,
5.884950569756000e-01,
5.893773266127000e-01,
5.902558032068000e-01,
5.911305047571001e-01,
5.920014492086000e-01,
5.928686544522001e-01,
5.937321383232000e-01,
5.945919186015000e-01,
5.954480130106000e-01,
5.963004392173000e-01,
5.971492148309000e-01,
5.979943574033000e-01,
5.988358844276001e-01,
5.996738133385000e-01,
6.005081615112000e-01,
6.013389462615000e-01,
6.021661848449000e-01,
6.029898944565000e-01,
6.038100922304001e-01,
6.046267952395999e-01,
6.054400204953000e-01,
6.062497849467000e-01,
6.070561054808000e-01,
6.078589989217000e-01,
6.086584820308000e-01,
6.094545715059000e-01,
6.102472839815000e-01,
6.110366360282000e-01,
6.118226441523000e-01,
6.126053247961000e-01,
6.133846943370000e-01,
6.141607690877000e-01,
6.149335652959000e-01,
6.157030991440000e-01,
6.164693867489000e-01,
6.172324441622000e-01,
6.179922873694000e-01,
6.187489322902000e-01,
6.195023947782000e-01,
6.202526906208000e-01,
6.209998355389000e-01,
6.217438451873000e-01,
6.224847351537000e-01,
6.232225209595000e-01,
6.239572180593000e-01,
6.246888418406999e-01,
6.254174076245000e-01,
6.261429306644000e-01,
6.268654261472000e-01,
6.275849091924000e-01,
6.283013948525999e-01,
6.290148981132000e-01,
6.297254338924000e-01,
6.304330170410000e-01,
6.311376623429000e-01,
6.318393845148000e-01,
6.325381982059000e-01,
6.332341179986000e-01,
6.339271584079000e-01,
6.346173338817001e-01,
6.353046588009000e-01,
6.359891474794001e-01,
6.366708141639000e-01,
6.373496730343000e-01,
6.380257382037000e-01,
6.386990237183000e-01,
6.393695435574001e-01,
6.400373116338000e-01,
6.407023417939000e-01,
6.413646478173000e-01,
6.420242434173000e-01,
6.426811422410000e-01,
6.433353578692000e-01,
6.439869038167000e-01,
6.446357935323000e-01,
6.452820403991000e-01,
6.459256577342000e-01,
6.465666587894000e-01,
6.472050567508000e-01,
6.478408647393999e-01,
6.484740958108000e-01,
6.491047629558000e-01,
6.497328791003000e-01,
6.503584571052000e-01,
6.509815097671000e-01,
6.516020498181000e-01,
6.522200899261000e-01,
6.528356426949000e-01,
6.534487206643000e-01,
6.540593363106000e-01,
6.546675020464000e-01,
6.552732302208000e-01,
6.558765331200000e-01,
6.564774229669000e-01,
6.570759119219000e-01,
6.576720120825000e-01,
6.582657354839000e-01,
6.588570940991000e-01,
6.594460998390000e-01,
6.600327645527000e-01,
6.606171000278001e-01,
6.611991179902000e-01,
6.617788301048000e-01,
6.623562479756000e-01,
6.629313831455000e-01,
6.635042470971000e-01,
6.640748512526000e-01,
6.646432069739000e-01,
6.652093255632000e-01,
6.657732182629000e-01,
6.663348962560000e-01,
6.668943706661000e-01,
6.674516525579000e-01,
6.680067529374000e-01,
6.685596827519000e-01,
6.691104528903000e-01,
6.696590741837000e-01,
6.702055574049000e-01,
6.707499132695000e-01,
6.712921524355000e-01,
6.718322855037000e-01,
6.723703230180000e-01,
6.729062754656000e-01,
6.734401532775000e-01,
6.739719668281000e-01,
6.745017264360000e-01,
6.750294423643000e-01,
6.755551248202000e-01,
6.760787839559000e-01,
6.766004298686999e-01,
6.771200726008000e-01,
6.776377221403000e-01,
6.781533884208000e-01,
6.786670813218000e-01,
6.791788106692001e-01,
6.796885862353000e-01,
6.801964177391000e-01,
6.807023148467000e-01,
6.812062871711000e-01,
6.817083442730000e-01,
6.822084956607000e-01,
6.827067507907000e-01,
6.832031190672000e-01,
6.836976098433000e-01,
6.841902324205000e-01,
6.846809960494999e-01,
6.851699099298000e-01,
6.856569832108000e-01,
6.861422249912000e-01,
6.866256443197000e-01,
6.871072501954000e-01,
6.875870515675000e-01,
6.880650573360000e-01,
6.885412763520000e-01,
6.890157174173001e-01,
6.894883892855000e-01,
6.899593006618000e-01,
6.904284602030000e-01,
6.908958765185000e-01,
6.913615581695000e-01,
6.918255136704000e-01,
6.922877514880000e-01,
6.927482800426000e-01,
6.932071077075000e-01,
6.936642428099000e-01,
6.941196936306000e-01,
6.945734684045000e-01,
6.950255753211000e-01,
6.954760225240000e-01,
6.959248181119000e-01,
6.963719701386000e-01,
6.968174866129000e-01,
6.972613754993000e-01,
6.977036447179999e-01,
6.981443021451000e-01,
6.985833556132000e-01,
6.990208129110000e-01,
6.994566817841000e-01,
6.998909699349000e-01,
7.003236850232000e-01,
7.007548346659001e-01,
7.011844264376000e-01,
7.016124678709000e-01,
7.020389664564000e-01,
7.024639296428000e-01,
7.028873648377000e-01,
7.033092794073000e-01,
7.037296806767001e-01,
7.041485759303000e-01,
7.045659724121000e-01,
7.049818773255000e-01,
7.053962978340000e-01,
7.058092410611000e-01,
7.062207140908000e-01,
7.066307239674000e-01,
7.070392776963000e-01,
7.074463822436000e-01,
7.078520445369000e-01,
7.082562714651000e-01,
7.086590698787000e-01,
7.090604465901000e-01,
7.094604083739000e-01,
7.098589619670000e-01,
7.102561140687000e-01,
7.106518713411000e-01,
7.110462404091999e-01,
7.114392278612000e-01,
7.118308402486000e-01,
7.122210840867000e-01,
7.126099658542000e-01,
7.129974919941000e-01,
7.133836689135000e-01,
7.137685029839000e-01,
7.141520005413000e-01,
7.145341678868000e-01,
7.149150112861000e-01,
7.152945369705001e-01,
7.156727511365000e-01,
7.160496599463000e-01,
7.164252695277999e-01,
7.167995859750000e-01,
7.171726153482000e-01,
7.175443636739000e-01,
7.179148369454000e-01,
7.182840411226999e-01,
7.186519821327000e-01,
7.190186658697000e-01,
7.193840981951000e-01,
7.197482849380999e-01,
7.201112318956000e-01,
7.204729448323000e-01,
7.208334294812000e-01,
7.211926915435000e-01,
7.215507366889000e-01,
7.219075705560000e-01,
7.222631987520000e-01,
7.226176268532000e-01,
7.229708604053000e-01,
7.233229049231999e-01,
7.236737658916000e-01,
7.240234487649000e-01,
7.243719589673000e-01,
7.247193018933000e-01,
7.250654829077000e-01,
7.254105073457000e-01,
7.257543805133000e-01,
7.260971076872000e-01,
7.264386941152000e-01,
7.267791450160000e-01,
7.271184655801000e-01,
7.274566609691000e-01,
7.277937363166000e-01,
7.281296967278000e-01,
7.284645472801000e-01,
7.287982930230000e-01,
7.291309389784000e-01,
7.294624901406001e-01,
7.297929514767000e-01,
7.301223279266000e-01,
7.304506244032000e-01,
7.307778457926000e-01,
7.311039969542000e-01,
7.314290827208000e-01,
7.317531078989000e-01,
7.320760772689000e-01,
7.323979955850000e-01,
7.327188675756000e-01,
7.330386979433000e-01,
7.333574913651000e-01,
7.336752524927000e-01,
7.339919859524000e-01,
7.343076963455000e-01,
7.346223882481000e-01,
7.349360662116000e-01,
7.352487347627999e-01,
7.355603984038001e-01,
7.358710616125000e-01,
7.361807288424000e-01,
7.364894045230000e-01,
7.367970930597000e-01,
7.371037988343000e-01,
7.374095262049000e-01,
7.377142795059000e-01,
7.380180630484000e-01,
7.383208811204000e-01,
7.386227379866001e-01,
7.389236378888000e-01,
7.392235850460001e-01,
7.395225836544000e-01,
7.398206378879000e-01,
7.401177518977000e-01,
7.404139298129000e-01,
7.407091757402000e-01,
7.410034937646000e-01,
7.412968879489999e-01,
7.415893623345000e-01,
7.418809209408000e-01,
7.421715677658000e-01,
7.424613067864000e-01,
7.427501419579000e-01,
7.430380772146000e-01,
7.433251164700000e-01,
7.436112636164000e-01,
7.438965225256000e-01,
7.441808970488000e-01,
7.444643910165000e-01,
7.447470082390000e-01,
7.450287525063000e-01,
7.453096275883000e-01,
7.455896372349000e-01,
7.458687851760000e-01,
7.461470751219000e-01,
7.464245107631000e-01,
7.467010957707000e-01,
7.469768337963000e-01,
7.472517284721000e-01,
7.475257834114000e-01,
7.477990022081999e-01,
7.480713884376000e-01,
7.483429456558000e-01,
7.486136774004000e-01,
7.488835871902000e-01,
7.491526785258000e-01,
7.494209548890000e-01,
7.496884197436000e-01,
7.499550765351000e-01,
7.502209286910000e-01,
7.504859796208000e-01,
7.507502327161000e-01,
7.510136913508000e-01,
7.512763588811000e-01,
7.515382386457000e-01,
7.517993339660000e-01,
7.520596481458000e-01,
7.523191844719000e-01,
7.525779462138000e-01,
7.528359366239999e-01,
7.530931589383000e-01,
7.533496163754000e-01,
7.536053121373000e-01,
7.538602494095999e-01,
7.541144313613000e-01,
7.543678611446000e-01,
7.546205418960000e-01,
7.548724767353000e-01,
7.551236687662000e-01,
7.553741210767000e-01,
7.556238367383999e-01,
7.558728188073000e-01,
7.561210703237000e-01,
7.563685943121000e-01,
7.566153937814000e-01,
7.568614717252000e-01,
7.571068311214000e-01,
7.573514749330000e-01,
7.575954061075000e-01,
7.578386275773000e-01,
7.580811422600000e-01,
7.583229530580000e-01,
7.585640628588000e-01,
7.588044745356000e-01,
7.590441909463000e-01,
7.592832149346000e-01,
7.595215493297000e-01,
7.597591969462000e-01,
7.599961605844000e-01,
7.602324430305000e-01,
7.604680470563000e-01,
7.607029754197000e-01,
7.609372308645000e-01,
7.611708161207000e-01,
7.614037339043001e-01,
7.616359869176000e-01,
7.618675778493000e-01,
7.620985093744000e-01,
7.623287841544000e-01,
7.625584048374000e-01,
7.627873740582000e-01,
7.630156944381000e-01,
7.632433685855000e-01,
7.634703990954000e-01,
7.636967885498001e-01,
7.639225395180000e-01,
7.641476545560000e-01,
7.643721362072000e-01,
7.645959870022000e-01,
7.648192094589999e-01,
7.650418060829000e-01,
7.652637793667000e-01,
7.654851317907000e-01,
7.657058658230000e-01,
7.659259839191001e-01,
7.661454885225000e-01,
7.663643820644001e-01,
7.665826669641000e-01,
7.668003456285000e-01,
7.670174204529000e-01,
7.672338938205000e-01,
7.674497681028000e-01,
7.676650456594000e-01,
7.678797288385000e-01,
7.680938199763000e-01,
7.683073213978000e-01,
7.685202354163000e-01,
7.687325643337000e-01,
7.689443104407000e-01,
7.691554760165000e-01,
7.693660633292000e-01,
7.695760746358000e-01,
7.697855121820000e-01,
7.699943782028000e-01,
7.702026749217999e-01,
7.704104045522000e-01,
7.706175692959000e-01,
7.708241713443000e-01,
7.710302128780000e-01,
7.712356960669000e-01,
7.714406230704000e-01,
7.716449960374000e-01,
7.718488171061000e-01,
7.720520884045000e-01,
7.722548120501000e-01,
7.724569901503000e-01,
7.726586248021000e-01,
7.728597180923999e-01,
7.730602720979000e-01,
7.732602888853000e-01,
7.734597705112000e-01,
7.736587190225001e-01,
7.738571364560000e-01,
7.740550248386000e-01,
7.742523861875000e-01,
7.744492225104000e-01,
7.746455358049000e-01,
7.748413280594000e-01,
7.750366012525000e-01,
7.752313573532000e-01,
7.754255983214000e-01,
7.756193261073000e-01,
7.758125426519000e-01,
7.760052498868000e-01,
7.761974497344000e-01,
7.763891441079001e-01,
7.765803349115000e-01,
7.767710240402000e-01,
7.769612133798000e-01,
7.771509048074000e-01,
7.773401001911000e-01,
7.775288013899000e-01,
7.777170102543000e-01,
7.779047286258000e-01,
7.780919583371000e-01,
7.782787012125000e-01,
7.784649590674000e-01,
7.786507337086001e-01,
7.788360269346000e-01,
7.790208405352000e-01,
7.792051762919000e-01,
7.793890359776000e-01,
7.795724213569000e-01,
7.797553341864000e-01,
7.799377762140000e-01,
7.801197491797000e-01,
7.803012548151000e-01,
7.804822948439000e-01,
7.806628709816000e-01,
7.808429849356000e-01,
7.810226384055000e-01,
7.812018330828000e-01,
7.813805706511000e-01,
7.815588527862000e-01,
7.817366811562000e-01,
7.819140574212000e-01,
7.820909832337000e-01,
7.822674602385000e-01,
7.824434900728000e-01,
7.826190743660000e-01,
7.827942147403000e-01,
7.829689128100000e-01,
7.831431701823000e-01,
7.833169884566000e-01,
7.834903692251000e-01,
7.836633140727000e-01,
7.838358245769000e-01,
7.840079023079000e-01,
7.841795488286000e-01,
7.843507656950000e-01,
7.845215544556000e-01,
7.846919166521000e-01,
7.848618538188000e-01,
7.850313674833000e-01,
7.852004591657999e-01,
7.853691303800000e-01,
7.855373826323000e-01,
7.857052174223000e-01,
7.858726362430000e-01,
7.860396405803000e-01,
7.862062319134000e-01,
7.863724117148000e-01,
7.865381814504000e-01,
7.867035425791000e-01,
7.868684965535000e-01,
7.870330448196000e-01,
7.871971888165999e-01,
7.873609299774000e-01,
7.875242697282000e-01,
7.876872094891000e-01,
7.878497506734000e-01,
7.880118946883000e-01,
7.881736429344000e-01,
7.883349968063000e-01,
7.884959576920000e-01,
7.886565269734001e-01,
7.888167060263001e-01,
7.889764962200000e-01,
7.891358989181000e-01,
7.892949154777000e-01,
7.894535472500001e-01,
7.896117955801000e-01,
7.897696618071000e-01,
7.899271472642000e-01,
7.900842532784000e-01,
7.902409811711000e-01,
7.903973322576000e-01,
7.905533078474000e-01,
7.907089092442000e-01,
7.908641377458000e-01,
7.910189946444000e-01,
7.911734812263000e-01,
7.913275987723000e-01,
7.914813485573000e-01,
7.916347318506000e-01,
7.917877499161000e-01,
7.919404040119000e-01,
7.920926953906000e-01,
7.922446252993000e-01,
7.923961949796000e-01,
7.925474056676000e-01,
7.926982585940000e-01,
7.928487549841000e-01,
7.929988960578001e-01,
7.931486830295000e-01,
7.932981171086000e-01,
7.934471994989000e-01,
7.935959313991000e-01,
7.937443140027000e-01,
7.938923484978000e-01,
7.940400360674000e-01,
7.941873778894000e-01,
7.943343751364000e-01,
7.944810289763000e-01,
7.946273405713000e-01,
7.947733110791000e-01,
7.949189416522000e-01,
7.950642334378000e-01,
7.952091875787000e-01,
7.953538052122000e-01,
7.954980874710000e-01,
7.956420354828000e-01,
7.957856503705000e-01,
7.959289332521000e-01,
7.960718852407001e-01,
7.962145074447000e-01,
7.963568009678000e-01,
7.964987669087999e-01,
7.966404063618000e-01,
7.967817204164001e-01,
7.969227101571000e-01,
7.970633766643000e-01,
7.972037210134000e-01,
7.973437442752001e-01,
7.974834475162000e-01,
7.976228317980000e-01,
7.977618981779000e-01,
7.979006477086000e-01,
7.980390814383000e-01,
7.981772004109000e-01,
7.983150056657000e-01,
7.984524982375000e-01,
7.985896791570000e-01,
7.987265494502001e-01,
7.988631101390000e-01,
7.989993622409000e-01,
7.991353067689000e-01,
7.992709447321000e-01,
7.994062771351000e-01,
7.995413049782000e-01,
7.996760292576000e-01,
7.998104509652000e-01,
7.999445710890000e-01,
8.000783906125000e-01,
8.002119105152000e-01,
8.003451317726000e-01,
8.004780553560000e-01,
8.006106822325000e-01,
8.007430133654000e-01,
8.008750497138000e-01,
8.010067922330000e-01,
8.011382418739000e-01,
8.012693995839000e-01,
8.014002663062000e-01,
8.015308429801000e-01,
8.016611305409000e-01,
8.017911299202000e-01,
8.019208420457000e-01,
8.020502678411000e-01,
8.021794082263000e-01,
8.023082641176000e-01,
8.024368364272000e-01,
8.025651260638000e-01,
8.026931339321000e-01,
8.028208609333000e-01,
8.029483079647000e-01,
8.030754759199000e-01,
8.032023656890001e-01,
8.033289781582000e-01,
8.034553142103000e-01,
8.035813747243000e-01,
8.037071605755000e-01,
8.038326726360000e-01,
8.039579117738000e-01,
8.040828788538000e-01,
8.042075747371000e-01,
8.043320002814000e-01,
8.044561563408000e-01,
8.045800437660000e-01,
8.047036634041000e-01,
8.048270160990000e-01,
8.049501026908999e-01,
8.050729240168000e-01,
8.051954809101000e-01,
8.053177742009000e-01,
8.054398047159000e-01,
8.055615732787000e-01,
8.056830807091000e-01,
8.058043278239000e-01,
8.059253154366000e-01,
8.060460443574000e-01,
8.061665153930000e-01,
8.062867293471000e-01,
8.064066870201000e-01,
8.065263892091000e-01,
8.066458367081000e-01,
8.067650303079000e-01,
8.068839707960000e-01,
8.070026589569000e-01,
8.071210955718000e-01,
8.072392814189000e-01,
8.073572172732000e-01,
8.074749039067000e-01,
8.075923420882000e-01,
8.077095325835000e-01,
8.078264761553000e-01,
8.079431735633000e-01,
8.080596255642000e-01,
8.081758329115000e-01,
8.082917963561000e-01,
8.084075166455000e-01,
8.085229945244000e-01,
8.086382307345999e-01,
8.087532260150000e-01,
8.088679811013000e-01,
8.089824967266001e-01,
8.090967736209000e-01,
8.092108125115000e-01,
8.093246141227000e-01,
8.094381791758000e-01,
8.095515083897000e-01,
8.096646024800001e-01,
8.097774621598000e-01,
8.098900881392000e-01,
8.100024811256000e-01,
8.101146418237000e-01,
8.102265709353000e-01,
8.103382691596001e-01,
8.104497371928000e-01,
8.105609757286000e-01,
8.106719854581000e-01,
8.107827670694000e-01,
8.108933212481000e-01,
8.110036486771000e-01,
8.111137500366000e-01,
8.112236260041999e-01,
8.113332772549000e-01,
8.114427044610000e-01,
8.115519082922000e-01,
8.116608894156000e-01,
8.117696484958000e-01,
8.118781861947000e-01,
8.119865031718000e-01,
8.120946000839000e-01,
8.122024775853000e-01,
8.123101363278999e-01,
8.124175769609000e-01,
8.125248001311000e-01,
8.126318064828000e-01,
8.127385966579000e-01,
8.128451712956000e-01,
8.129515310329000e-01,
8.130576765042000e-01,
8.131636083416000e-01,
8.132693271747000e-01,
8.133748336306000e-01,
8.134801283342000e-01,
8.135852119078000e-01,
8.136900849715000e-01,
8.137947481431000e-01,
8.138992020377001e-01,
8.140034472684000e-01,
8.141074844457999e-01,
8.142113141782000e-01,
8.143149370717000e-01,
8.144183537299000e-01,
8.145215647544000e-01,
8.146245707441000e-01,
8.147273722960000e-01,
8.148299700048000e-01,
8.149323644628000e-01,
8.150345562601000e-01,
8.151365459845999e-01,
8.152383342220000e-01,
8.153399215559000e-01,
8.154413085675000e-01,
8.155424958358000e-01,
8.156434839379000e-01,
8.157442734485000e-01,
8.158448649402000e-01,
8.159452589835000e-01,
8.160454561466000e-01,
8.161454569958000e-01,
8.162452620952000e-01,
8.163448720066000e-01,
8.164442872901000e-01,
8.165435085033000e-01,
8.166425362021000e-01,
8.167413709399000e-01,
8.168400132683999e-01,
8.169384637372000e-01,
8.170367228936000e-01,
8.171347912832000e-01,
8.172326694494000e-01,
8.173303579336000e-01,
8.174278572751000e-01,
8.175251680115000e-01,
8.176222906781000e-01,
8.177192258084000e-01,
8.178159739339000e-01,
8.179125355840000e-01,
8.180089112864000e-01,
8.181051015667000e-01,
8.182011069485000e-01,
8.182969279537000e-01,
8.183925651021000e-01,
8.184880189115999e-01,
8.185832898982000e-01,
8.186783785762000e-01,
8.187732854577000e-01,
8.188680110532000e-01,
8.189625558712000e-01,
8.190569204183999e-01,
8.191511051996000e-01,
8.192451107178000e-01,
8.193389374741000e-01,
8.194325859678000e-01,
8.195260566965000e-01,
8.196193501559000e-01,
8.197124668398000e-01,
8.198054072403000e-01,
8.198981718479000e-01,
8.199907611509000e-01,
8.200831756363000e-01,
8.201754157889000e-01,
8.202674820921000e-01,
8.203593750274000e-01,
8.204510950746000e-01,
8.205426427117000e-01,
8.206340184150001e-01,
8.207252226591000e-01,
8.208162559170000e-01,
8.209071186598000e-01,
8.209978113571000e-01,
8.210883344767000e-01,
8.211786884847000e-01,
8.212688738456000e-01,
8.213588910222001e-01,
8.214487404757000e-01,
8.215384226655000e-01,
8.216279380497000e-01,
8.217172870843000e-01,
8.218064702239000e-01,
8.218954879217000e-01,
8.219843406289000e-01,
8.220730287953000e-01,
8.221615528691000e-01,
8.222499132969000e-01,
8.223381105236000e-01,
8.224261449926999e-01,
8.225140171460000e-01,
8.226017274237000e-01,
8.226892762647000e-01,
8.227766641060000e-01,
8.228638913833000e-01,
8.229509585307000e-01,
8.230378659806999e-01,
8.231246141644000e-01,
8.232112035112999e-01,
8.232976344493000e-01,
8.233839074050000e-01,
8.234700228033000e-01,
8.235559810678000e-01,
8.236417826205000e-01,
8.237274278820000e-01,
8.238129172712000e-01,
8.238982512058000e-01,
8.239834301020000e-01,
8.240684543743000e-01,
8.241533244362000e-01,
8.242380406992000e-01,
8.243226035739000e-01,
8.244070134692000e-01,
8.244912707925000e-01,
8.245753759499000e-01,
8.246593293462000e-01,
8.247431313845000e-01,
8.248267824668000e-01,
8.249102829936000e-01,
8.249936333639000e-01,
8.250768339755000e-01,
8.251598852246000e-01,
8.252427875063000e-01,
8.253255412142000e-01,
8.254081467405000e-01,
8.254906044760000e-01,
8.255729148104000e-01,
8.256550781319000e-01,
8.257370948272000e-01,
8.258189652820001e-01,
8.259006898805000e-01,
8.259822690053999e-01,
8.260637030386000e-01,
8.261449923601000e-01,
8.262261373490000e-01,
8.263071383829000e-01,
8.263879958383000e-01,
8.264687100902000e-01,
8.265492815124000e-01,
8.266297104775000e-01,
8.267099973568000e-01,
8.267901425202000e-01,
8.268701463365000e-01,
8.269500091732001e-01,
8.270297313965000e-01,
8.271093133715000e-01,
8.271887554618000e-01,
8.272680580301000e-01,
8.273472214376000e-01,
8.274262460444000e-01,
8.275051322093000e-01,
8.275838802901000e-01,
8.276624906430000e-01,
8.277409636234000e-01,
8.278192995854000e-01,
8.278974988816000e-01,
8.279755618639000e-01,
8.280534888826000e-01,
8.281312802871000e-01,
8.282089364254001e-01,
8.282864576446000e-01,
8.283638442904000e-01,
8.284410967074000e-01,
8.285182152392000e-01,
8.285952002279000e-01,
8.286720520149000e-01,
8.287487709401000e-01,
8.288253573424000e-01,
8.289018115597000e-01,
8.289781339284999e-01,
8.290543247844000e-01,
8.291303844618000e-01,
8.292063132940000e-01,
8.292821116130999e-01,
8.293577797503000e-01,
8.294333180355000e-01,
8.295087267976000e-01,
8.295840063645000e-01,
8.296591570627000e-01,
8.297341792180000e-01,
8.298090731549000e-01,
8.298838391969000e-01,
8.299584776664000e-01,
8.300329888847000e-01,
8.301073731722000e-01,
8.301816308480000e-01,
8.302557622304000e-01,
8.303297676365000e-01,
8.304036473823000e-01,
8.304774017830000e-01,
8.305510311525000e-01,
8.306245358039001e-01,
8.306979160491000e-01,
8.307711721991000e-01,
8.308443045637000e-01,
8.309173134519000e-01,
8.309901991716000e-01,
8.310629620297000e-01,
8.311356023321000e-01,
8.312081203837000e-01,
8.312805164883000e-01,
8.313527909490001e-01,
8.314249440676000e-01,
8.314969761450000e-01,
8.315688874814000e-01,
8.316406783755000e-01,
8.317123491256000e-01,
8.317839000286000e-01,
8.318553313806000e-01,
8.319266434767000e-01,
8.319978366113000e-01,
8.320689110774000e-01,
8.321398671674000e-01,
8.322107051727000e-01,
8.322814253835000e-01,
8.323520280895000e-01,
8.324225135791000e-01,
8.324928821399000e-01,
8.325631340587000e-01,
8.326332696212000e-01,
8.327032891122000e-01,
8.327731928156999e-01,
8.328429810146000e-01,
8.329126539912000e-01,
8.329822120266001e-01,
8.330516554011000e-01,
8.331209843942000e-01,
8.331901992843000e-01,
8.332593003491000e-01,
8.333282878654000e-01,
8.333971621089999e-01,
8.334659233549000e-01,
8.335345718772000e-01,
8.336031079492000e-01,
8.336715318432000e-01,
8.337398438308000e-01,
8.338080441825000e-01,
8.338761331683000e-01,
8.339441110569000e-01,
8.340119781165000e-01,
8.340797346144000e-01,
8.341473808169000e-01,
8.342149169895000e-01,
8.342823433970000e-01,
8.343496603033000e-01,
8.344168679713000e-01,
8.344839666633000e-01,
8.345509566408000e-01,
8.346178381641000e-01,
8.346846114931999e-01,
8.347512768869000e-01,
8.348178346032999e-01,
8.348842848998000e-01,
8.349506280329000e-01,
8.350168642582000e-01,
8.350829938306000e-01,
8.351490170043000e-01,
8.352149340325000e-01,
8.352807451678000e-01,
8.353464506620000e-01,
8.354120507658001e-01,
8.354775457294999e-01,
8.355429358026000e-01,
8.356082212335000e-01,
8.356734022701000e-01,
8.357384791594000e-01,
8.358034521479000e-01,
8.358683214809000e-01,
8.359330874033000e-01,
8.359977501591001e-01,
8.360623099915000e-01,
8.361267671430000e-01,
8.361911218554000e-01,
8.362553743697000e-01,
8.363195249262000e-01,
8.363835737642000e-01,
8.364475211228000e-01,
8.365113672398000e-01,
8.365751123526000e-01,
8.366387566978000e-01,
8.367023005112000e-01,
8.367657440280000e-01,
8.368290874826000e-01,
8.368923311086000e-01,
8.369554751390000e-01,
8.370185198061000e-01,
8.370814653415000e-01,
8.371443119759000e-01,
8.372070599395000e-01,
8.372697094618000e-01,
8.373322607714000e-01,
8.373947140964000e-01,
8.374570696642000e-01,
8.375193277013000e-01,
8.375814884336999e-01,
8.376435520867000e-01,
8.377055188849000e-01,
8.377673890522001e-01,
8.378291628118000e-01,
8.378908403862000e-01,
8.379524219972000e-01,
8.380139078662000e-01,
8.380752982136001e-01,
8.381365932593000e-01,
8.381977932224000e-01,
8.382588983216001e-01,
8.383199087746001e-01,
8.383808247987000e-01,
8.384416466104000e-01,
8.385023744257000e-01,
8.385630084598000e-01,
8.386235489273000e-01,
8.386839960422000e-01,
8.387443500179000e-01,
8.388046110668000e-01,
8.388647794013000e-01,
8.389248552325000e-01,
8.389848387714000e-01,
8.390447302280000e-01,
8.391045298119000e-01,
8.391642377319000e-01,
8.392238541963000e-01,
8.392833794128000e-01,
8.393428135884000e-01,
8.394021569295000e-01,
8.394614096418000e-01,
8.395205719306000e-01,
8.395796440004000e-01,
8.396386260552000e-01,
8.396975182983000e-01,
8.397563209325000e-01,
8.398150341600000e-01,
8.398736581821000e-01,
8.399321932001000e-01,
8.399906394141000e-01,
8.400489970239000e-01,
8.401072662288001e-01,
8.401654472272000e-01,
8.402235402172999e-01,
8.402815453963000e-01,
8.403394629612000e-01,
8.403972931082000e-01,
8.404550360330000e-01,
8.405126919306000e-01,
8.405702609955999e-01,
8.406277434219001e-01,
8.406851394029000e-01,
8.407424491315000e-01,
8.407996727999000e-01,
8.408568105997000e-01,
8.409138627221000e-01,
8.409708293576000e-01,
8.410277106964000e-01,
8.410845069277000e-01,
8.411412182405000e-01,
8.411978448232000e-01,
8.412543868636000e-01,
8.413108445489000e-01,
8.413672180657999e-01,
8.414235076004000e-01,
8.414797133385000e-01,
8.415358354650000e-01,
8.415918741646000e-01,
8.416478296212000e-01,
8.417037020182000e-01,
8.417594915387000e-01,
8.418151983651000e-01,
8.418708226792000e-01,
8.419263646624000e-01,
8.419818244955000e-01,
8.420372023589000e-01,
8.420924984323001e-01,
8.421477128949000e-01,
8.422028459257000e-01,
8.422578977027000e-01,
8.423128684037000e-01,
8.423677582059000e-01,
8.424225672861000e-01,
8.424772958204000e-01,
8.425319439846000e-01,
8.425865119537000e-01,
8.426409999025000e-01,
8.426954080052000e-01,
8.427497364355000e-01,
8.428039853665000e-01,
8.428581549709000e-01,
8.429122454210000e-01,
8.429662568884000e-01,
8.430201895443999e-01,
8.430740435596000e-01,
8.431278191044000e-01,
8.431815163484000e-01,
8.432351354610000e-01,
8.432886766110000e-01,
8.433421399666000e-01,
8.433955256957000e-01,
8.434488339656000e-01,
8.435020649433000e-01,
8.435552187951000e-01,
8.436082956869000e-01,
8.436612957843000e-01,
8.437142192522000e-01,
8.437670662552000e-01,
8.438198369574000e-01,
8.438725315222000e-01,
8.439251501130000e-01,
8.439776928923000e-01,
8.440301600223000e-01,
8.440825516650000e-01,
8.441348679814000e-01,
8.441871091326000e-01,
8.442392752789000e-01,
8.442913665803000e-01,
8.443433831961999e-01,
8.443953252858000e-01,
8.444471930076000e-01,
8.444989865199000e-01,
8.445507059802000e-01,
8.446023515460001e-01,
8.446539233740000e-01,
8.447054216206999e-01,
8.447568464419000e-01,
8.448081979934000e-01,
8.448594764301000e-01,
8.449106819067000e-01,
8.449618145775000e-01,
8.450128745962000e-01,
8.450638621163000e-01,
8.451147772906000e-01,
8.451656202718000e-01,
8.452163912118000e-01,
8.452670902625000e-01,
8.453177175750000e-01,
8.453682733001000e-01,
8.454187575884000e-01,
8.454691705898000e-01,
8.455195124540000e-01,
8.455697833300000e-01,
8.456199833666000e-01,
8.456701127123000e-01,
8.457201715149000e-01,
8.457701599220000e-01,
8.458200780807000e-01,
8.458699261378000e-01,
8.459197042395000e-01,
8.459694125318000e-01,
8.460190511602000e-01,
8.460686202699000e-01,
8.461181200055000e-01,
8.461675505114000e-01,
8.462169119314000e-01,
8.462662044092000e-01,
8.463154280878999e-01,
8.463645831102000e-01,
8.464136696185000e-01,
8.464626877547000e-01,
8.465116376605000e-01,
8.465605194770000e-01,
8.466093333450000e-01,
8.466580794050000e-01,
8.467067577970000e-01,
8.467553686607000e-01,
8.468039121354000e-01,
8.468523883599000e-01,
8.469007974728000e-01,
8.469491396123000e-01,
8.469974149161000e-01,
8.470456235216000e-01,
8.470937655659000e-01,
8.471418411856000e-01,
8.471898505170000e-01,
8.472377936961000e-01,
8.472856708583000e-01,
8.473334821389000e-01,
8.473812276727000e-01,
8.474289075942000e-01,
8.474765220374000e-01,
8.475240711361000e-01,
8.475715550237000e-01,
8.476189738331000e-01,
8.476663276971000e-01,
8.477136167480001e-01,
8.477608411176000e-01,
8.478080009376000e-01,
8.478550963393000e-01,
8.479021274534000e-01,
8.479490944107000e-01,
8.479959973411000e-01,
8.480428363747000e-01,
8.480896116408000e-01,
8.481363232686000e-01,
8.481829713870001e-01,
8.482295561243000e-01,
8.482760776087001e-01,
8.483225359680000e-01,
8.483689313296000e-01,
8.484152638206000e-01,
8.484615335678000e-01,
8.485077406975000e-01,
8.485538853359000e-01,
8.485999676087000e-01,
8.486459876414000e-01,
8.486919455589000e-01,
8.487378414861000e-01,
8.487836755474000e-01,
8.488294478668000e-01,
8.488751585682000e-01,
8.489208077749000e-01,
8.489663956101000e-01,
8.490119221966000e-01,
8.490573876567999e-01,
8.491027921129000e-01,
8.491481356866000e-01,
8.491934184995000e-01,
8.492386406727001e-01,
8.492838023272000e-01,
8.493289035834000e-01,
8.493739445614999e-01,
8.494189253815000e-01,
8.494638461630000e-01,
8.495087070252000e-01,
8.495535080872000e-01,
8.495982494674000e-01,
8.496429312844000e-01,
8.496875536561000e-01,
8.497321167003000e-01,
8.497766205343000e-01,
8.498210652754000e-01,
8.498654510401999e-01,
8.499097779453000e-01,
8.499540461069000e-01,
8.499982556409000e-01,
8.500424066629000e-01,
8.500864992881000e-01,
8.501305336316000e-01,
8.501745098080000e-01,
8.502184279318000e-01,
8.502622881171000e-01,
8.503060904776000e-01,
8.503498351268000e-01,
8.503935221780000e-01,
8.504371517442000e-01,
8.504807239378001e-01,
8.505242388713000e-01,
8.505676966567000e-01,
8.506110974058000e-01,
8.506544412300000e-01,
8.506977282405001e-01,
8.507409585482000e-01,
8.507841322637000e-01,
8.508272494974000e-01,
8.508703103593001e-01,
8.509133149591001e-01,
8.509562634063000e-01,
8.509991558102000e-01,
8.510419922794999e-01,
8.510847729230000e-01,
8.511274978491000e-01,
8.511701671657000e-01,
8.512127809808000e-01,
8.512553394018000e-01,
8.512978425359000e-01,
8.513402904902000e-01,
8.513826833714000e-01,
8.514250212858000e-01,
8.514673043397000e-01,
8.515095326390000e-01,
8.515517062892000e-01,
8.515938253957001e-01,
8.516358900636000e-01,
8.516779003977000e-01,
8.517198565026000e-01,
8.517617584825000e-01,
8.518036064414000e-01,
8.518454004832000e-01,
8.518871407113000e-01,
8.519288272289000e-01,
8.519704601390000e-01,
8.520120395443000e-01,
8.520535655473001e-01,
8.520950382501000e-01,
8.521364577547000e-01,
8.521778241627000e-01,
8.522191375756000e-01,
8.522603980946000e-01,
8.523016058204000e-01,
8.523427608538000e-01,
8.523838632952000e-01,
8.524249132447000e-01,
8.524659108023001e-01,
8.525068560674000e-01,
8.525477491397000e-01,
8.525885901181000e-01,
8.526293791016000e-01,
8.526701161888000e-01,
8.527108014782000e-01,
8.527514350678000e-01,
8.527920170556000e-01,
8.528325475393000e-01,
8.528730266162000e-01,
8.529134543836000e-01,
8.529538309384000e-01,
8.529941563772000e-01,
8.530344307965000e-01,
8.530746542925000e-01,
8.531148269612000e-01,
8.531549488983000e-01,
8.531950201994000e-01,
8.532350409596000e-01,
8.532750112739000e-01,
8.533149312373000e-01,
8.533548009441000e-01,
8.533946204887000e-01,
8.534343899653000e-01,
8.534741094675000e-01,
8.535137790892000e-01,
8.535533989235000e-01,
8.535929690638000e-01,
8.536324896028000e-01,
8.536719606333000e-01,
8.537113822478000e-01,
8.537507545385000e-01,
8.537900775973000e-01,
8.538293515162000e-01,
8.538685763865000e-01,
8.539077522997000e-01,
8.539468793468000e-01,
8.539859576188000e-01,
8.540249872062000e-01,
8.540639681996000e-01,
8.541029006891000e-01,
8.541417847647000e-01,
8.541806205162000e-01,
8.542194080331000e-01,
8.542581474048000e-01,
8.542968387203000e-01,
8.543354820687000e-01,
8.543740775384000e-01,
8.544126252181000e-01,
8.544511251959001e-01,
8.544895775599000e-01,
8.545279823979000e-01,
8.545663397974000e-01,
8.546046498459000e-01,
8.546429126306000e-01,
8.546811282384000e-01,
8.547192967560000e-01,
8.547574182700000e-01,
8.547954928668000e-01,
8.548335206323000e-01,
8.548715016526000e-01,
8.549094360134000e-01,
8.549473238001000e-01,
8.549851650980000e-01,
8.550229599923000e-01,
8.550607085677000e-01,
8.550984109090000e-01,
8.551360671006000e-01,
8.551736772268000e-01,
8.552112413716000e-01,
8.552487596189000e-01,
8.552862320523000e-01,
8.553236587554000e-01,
8.553610398113000e-01,
8.553983753030000e-01,
8.554356653136000e-01,
8.554729099255000e-01,
8.555101092212000e-01,
8.555472632831000e-01,
8.555843721931000e-01,
8.556214360331000e-01,
8.556584548848000e-01,
8.556954288297000e-01,
8.557323579489000e-01,
8.557692423237000e-01,
8.558060820349001e-01,
8.558428771631000e-01,
8.558796277889000e-01,
8.559163339926000e-01,
8.559529958542000e-01,
8.559896134538000e-01,
8.560261868711000e-01,
8.560627161855000e-01,
8.560992014765000e-01,
8.561356428232000e-01,
8.561720403046000e-01,
8.562083939995000e-01,
8.562447039865000e-01,
8.562809703439000e-01,
8.563171931501000e-01,
8.563533724830000e-01,
8.563895084206000e-01,
8.564256010405000e-01,
8.564616504201999e-01,
8.564976566369999e-01,
8.565336197680000e-01,
8.565695398902000e-01,
8.566054170803000e-01,
8.566412514149000e-01,
8.566770429704000e-01,
8.567127918231000e-01,
8.567484980489000e-01,
8.567841617238000e-01,
8.568197829233000e-01,
8.568553617231000e-01,
8.568908981984000e-01,
8.569263924244001e-01,
8.569618444760000e-01,
8.569972544281000e-01,
8.570326223553000e-01,
8.570679483319000e-01,
8.571032324324001e-01,
8.571384747308000e-01,
8.571736753010000e-01,
8.572088342167000e-01,
8.572439515516000e-01,
8.572790273791000e-01,
8.573140617723000e-01,
8.573490548044000e-01,
8.573840065482000e-01,
8.574189170765000e-01,
8.574537864618000e-01,
8.574886147765000e-01,
8.575234020928000e-01,
8.575581484828000e-01,
8.575928540184000e-01,
8.576275187712000e-01,
8.576621428129000e-01,
8.576967262146999e-01,
8.577312690480000e-01,
8.577657713837000e-01,
8.578002332928000e-01,
8.578346548460000e-01,
8.578690361138001e-01,
8.579033771666000e-01,
8.579376780747000e-01,
8.579719389081000e-01,
8.580061597367999e-01,
8.580403406305001e-01,
8.580744816587000e-01,
8.581085828909000e-01,
8.581426443964000e-01,
8.581766662443000e-01,
8.582106485034000e-01,
8.582445912427000e-01,
8.582784945308000e-01,
8.583123584360000e-01,
8.583461830268000e-01,
8.583799683712000e-01,
8.584137145373000e-01,
8.584474215930000e-01,
8.584810896059000e-01,
8.585147186435000e-01,
8.585483087733000e-01,
8.585818600625000e-01,
8.586153725780999e-01,
8.586488463870000e-01,
8.586822815561000e-01,
8.587156781519000e-01,
8.587490362409000e-01,
8.587823558895000e-01,
8.588156371637000e-01,
8.588488801296000e-01,
8.588820848530000e-01,
8.589152513997000e-01,
8.589483798352000e-01,
8.589814702249000e-01,
8.590145226342000e-01,
8.590475371280000e-01,
8.590805137713000e-01,
8.591134526291000e-01,
8.591463537659000e-01,
8.591792172462001e-01,
8.592120431346000e-01,
8.592448314951000e-01,
8.592775823919000e-01,
8.593102958889000e-01,
8.593429720499000e-01,
8.593756109386000e-01,
8.594082126185000e-01,
8.594407771530000e-01,
8.594733046052000e-01,
8.595057950383000e-01,
8.595382485151000e-01,
8.595706650986000e-01,
8.596030448513000e-01,
8.596353878358000e-01,
8.596676941144999e-01,
8.596999637495000e-01,
8.597321968029999e-01,
8.597643933369000e-01,
8.597965534131000e-01,
8.598286770932000e-01,
8.598607644388000e-01,
8.598928155113000e-01,
8.599248303719000e-01,
8.599568090817000e-01,
8.599887517019000e-01,
8.600206582931000e-01,
8.600525289162000e-01,
8.600843636317000e-01,
8.601161625001000e-01,
8.601479255816000e-01,
8.601796529365000e-01,
8.602113446249000e-01,
8.602430007064999e-01,
8.602746212413001e-01,
8.603062062887999e-01,
8.603377559085000e-01,
8.603692701598999e-01,
8.604007491022000e-01,
8.604321927945000e-01,
8.604636012959000e-01,
8.604949746650000e-01,
8.605263129608000e-01,
8.605576162417000e-01,
8.605888845662000e-01,
8.606201179928000e-01,
8.606513165795000e-01,
8.606824803845000e-01,
8.607136094657000e-01,
8.607447038810000e-01,
8.607757636880000e-01,
8.608067889443000e-01,
8.608377797073000e-01,
8.608687360344000e-01,
8.608996579828000e-01,
8.609305456095000e-01,
8.609613989714000e-01,
8.609922181254001e-01,
8.610230031281000e-01,
8.610537540362000e-01,
8.610844709060000e-01,
8.611151537939000e-01,
8.611458027559999e-01,
8.611764178485000e-01,
8.612069991273000e-01,
8.612375466482000e-01,
8.612680604668000e-01,
8.612985406389000e-01,
8.613289872198000e-01,
8.613594002649000e-01,
8.613897798293000e-01,
8.614201259683000e-01,
8.614504387367000e-01,
8.614807181895000e-01,
8.615109643813000e-01,
8.615411773668000e-01,
8.615713572005000e-01,
8.616015039367000e-01,
8.616316176298000e-01,
8.616616983338000e-01,
8.616917461028000e-01,
8.617217609907000e-01,
8.617517430513000e-01,
8.617816923383000e-01,
8.618116089052000e-01,
8.618414928055000e-01,
8.618713440925000e-01,
8.619011628194000e-01,
8.619309490393000e-01,
8.619607028052000e-01,
8.619904241699000e-01,
8.620201131863000e-01,
8.620497699069000e-01,
8.620793943843000e-01,
8.621089866709000e-01,
8.621385468190000e-01,
8.621680748808001e-01,
8.621975709083000e-01,
8.622270349536000e-01,
8.622564670684000e-01,
8.622858673046000e-01,
8.623152357136999e-01,
8.623445723472000e-01,
8.623738772567000e-01,
8.624031504933000e-01,
8.624323921082000e-01,
8.624616021526000e-01,
8.624907806774000e-01,
8.625199277334999e-01,
8.625490433716000e-01,
8.625781276423000e-01,
8.626071805963000e-01,
8.626362022838000e-01,
8.626651927553000e-01,
8.626941520610000e-01,
8.627230802509001e-01,
8.627519773750000e-01,
8.627808434833000e-01,
8.628096786256000e-01,
8.628384828514000e-01,
8.628672562103999e-01,
8.628959987521000e-01,
8.629247105257000e-01,
8.629533915806999e-01,
8.629820419660000e-01,
8.630106617309000e-01,
8.630392509241001e-01,
8.630678095946001e-01,
8.630963377911000e-01,
8.631248355622000e-01,
8.631533029564999e-01,
8.631817400224000e-01,
8.632101468082000e-01,
8.632385233622000e-01,
8.632668697324000e-01,
8.632951859669000e-01,
8.633234721136001e-01,
8.633517282203000e-01,
8.633799543348000e-01,
8.634081505047000e-01,
8.634363167774000e-01,
8.634644532004000e-01,
8.634925598211000e-01,
8.635206366865000e-01,
8.635486838440000e-01,
8.635767013404000e-01,
8.636046892227000e-01,
8.636326475377000e-01,
8.636605763321999e-01,
8.636884756527000e-01,
8.637163455459000e-01,
8.637441860580000e-01,
8.637719972356001e-01,
8.637997791247000e-01,
8.638275317716000e-01,
8.638552552223000e-01,
8.638829495226999e-01,
8.639106147187000e-01,
8.639382508561000e-01,
8.639658579804000e-01,
8.639934361374000e-01,
8.640209853724000e-01,
8.640485057308001e-01,
8.640759972580000e-01,
8.641034599990000e-01,
8.641308939990000e-01,
8.641582993030000e-01,
8.641856759560000e-01,
8.642130240026000e-01,
8.642403434877000e-01,
8.642676344558000e-01,
8.642948969515000e-01,
8.643221310193000e-01,
8.643493367035000e-01,
8.643765140483000e-01,
8.644036630979000e-01,
8.644307838965000e-01,
8.644578764879000e-01,
8.644849409161000e-01,
8.645119772249000e-01,
8.645389854580000e-01,
8.645659656590000e-01,
8.645929178715001e-01,
8.646198421389000e-01,
8.646467385045000e-01,
8.646736070116000e-01,
8.647004477035000e-01
